 Gain/Loss_nreal Gain/Loss_real USD USD_net time
0 0.0 0.0 1000.0 1000.0 0.0
1 0.0 0.0 1000.0 1000.0 1.0
2 -0.0828 0.0 1000.0 999.9172 2.0
3 -0.09246 0.0 1000.0 999.90754 3.0
4 -0.09246 0.0 1000.0 999.90754 4.0
5 -0.19458 0.0 1000.0 999.80542 5.0
6 -0.17526 0.0 1000.0 999.82474 6.0
7 -0.27186 0.0 1000.0 999.72814 7.0
8 -0.26772 0.0 1000.0 999.73228 8.0
9 -0.40296 0.0 1000.0 999.59704 9.0
10 -0.40296 0.0 1000.0 999.59704 10.0
11 -0.36984 0.0 1000.0 999.63016 11.0
12 -0.414 0.0 1000.0 999.586 12.0
13 -0.4436 0.0 1000.0 999.5564 13.0
14 -0.38891 0.0 1000.0 999.61109 14.0
15 -0.46387 0.0 1000.0 999.53613 15.0
16 -0.30914 0.0 1000.0 999.69086 16.0
17 -0.43872 0.0 1000.0 999.56128 17.0
18 -0.45788 0.0 1000.0 999.54212 18.0
19 -0.55943 0.0 1000.0 999.44057 19.0
20 -0.504 0.0 1000.0 999.496 20.0
21 -0.96123 0.0 1000.0 999.03877 21.0
22 -0.93407 0.0 1000.0 999.06593 22.0
23 -1.0011 0.0 1000.0 998.9989 23.0
24 -1.05409 0.0 1000.0 998.94591 24.0
25 -1.31457 0.0 1000.0 998.68543 25.0
26 -1.28492 0.0 1000.0 998.71508 26.0
27 -1.28017 0.0 1000.0 998.71983 27.0
28 -1.4257 0.0 1000.0 998.5743 28.0
29 -1.54973 0.0 1000.0 998.45027 29.0
30 -1.82486 0.0 1000.0 998.17514 30.0
31 -1.70411 0.0 1000.0 998.29589 31.0
32 -1.73529 0.0 1000.0 998.26471 32.0
33 -1.94303 0.0 1000.0 998.05697 33.0
34 -1.75062 0.0 1000.0 998.24938 34.0
35 -1.73141 0.0 1000.0 998.26859 35.0
36 -1.94813 0.0 1000.0 998.05187 36.0
37 -1.96928 0.0 1000.0 998.03072 37.0
38 -2.08928 0.0 1000.0 997.91072 38.0
39 -2.18078 0.0 1000.0 997.81922 39.0
40 -2.04838 0.0 1000.0 997.95162 40.0
41 -2.19398 0.0 1000.0 997.80602 41.0
42 -2.01213 0.0 1000.0 997.98787 42.0
43 -1.99148 0.0 1000.0 998.00852 43.0
44 -2.04875 0.0 1000.0 997.95125 44.0
45 -1.94288 0.0 1000.0 998.05712 45.0
46 -1.96188 0.0 1000.0 998.03812 46.0
47 -1.97311 0.0 1000.0 998.02689 47.0
48 -2.26132 0.0 1000.0 997.73868 48.0
49 -2.34319 0.0 1000.0 997.65681 49.0
50 -2.53602 0.0 1000.0 997.46398 50.0
51 -2.40387 0.0 1000.0 997.59613 51.0
52 -2.52164 0.0 1000.0 997.47836 52.0
53 -2.78612 0.0 1000.0 997.21388 53.0
54 -2.87331 0.0 1000.0 997.12669 54.0
55 -2.88943 0.0 1000.0 997.11057 55.0
56 -3.32282 0.0 1000.0 996.67718 56.0
57 -3.28022 0.0 1000.0 996.71978 57.0
58 -3.66497 0.0 1000.0 996.33503 58.0
59 -4.20667 0.0 1000.0 995.79333 59.0
60 -4.46779 0.0 1000.0 995.53221 60.0
61 -4.4385 0.0 1000.0 995.5615 61.0
62 -4.76949 0.0 1000.0 995.23051 62.0
63 -3.8504 0.0 1000.0 996.1496 63.0
64 -4.05304 0.0 1000.0 995.94696 64.0
65 -4.39877 0.0 1000.0 995.60123 65.0
66 -5.27199 0.0 1000.0 994.72801 66.0
67 -5.99842 0.0 1000.0 994.00158 67.0
68 -6.04689 0.0 1000.0 993.95311 68.0
69 -6.06675 0.0 1000.0 993.93325 69.0
70 -5.35418 0.0 1000.0 994.64582 70.0
71 -5.36917 0.0 1000.0 994.63083 71.0
72 -5.46582 0.0 1000.0 994.53418 72.0
73 -5.23544 0.0 1000.0 994.76456 73.0
74 -4.08408 0.0 1000.0 995.91592 74.0
75 -4.46478 0.0 1000.0 995.53522 75.0
76 -4.80747 0.0 1000.0 995.19253 76.0
77 -4.20669 0.0 1000.0 995.79331 77.0
78 -4.16777 0.0 1000.0 995.83223 78.0
79 -5.56834 0.0 1000.0 994.43166 79.0
80 -5.4999 0.0 1000.0 994.5001 80.0
81 -5.0896 0.0 1000.0 994.9104 81.0
82 -5.70092 0.0 1000.0 994.29908 82.0
83 -5.79098 0.0 1000.0 994.20902 83.0
84 -6.71794 0.0 1000.0 993.28206 84.0
85 -6.39822 0.0 1000.0 993.60178 85.0
86 -6.45451 0.0 1000.0 993.54549 86.0
87 -6.67651 0.0 1000.0 993.32349 87.0
88 -7.15527 0.0 1000.0 992.84473 88.0
89 -7.17967 0.0 1000.0 992.82033 89.0
90 -6.72392 0.0 1000.0 993.27608 90.0
91 -6.93247 0.0 1000.0 993.06753 91.0
92 -6.81415 0.0 1000.0 993.18585 92.0
93 -6.96839 0.0 1000.0 993.03161 93.0
94 -7.37418 0.0 1000.0 992.62582 94.0
95 -7.43296 0.0 1000.0 992.56704 95.0
96 -10.04451 0.0 1000.0 989.95549 96.0
97 -9.55294 0.0 1000.0 990.44706 97.0
98 -9.4702 0.0 1000.0 990.5298 98.0
99 -10.3351 0.0 1000.0 989.6649 99.0
100 -12.7636 0.0 1000.0 987.2364 100.0
101 -13.30161 0.0 1000.0 986.69839 101.0
102 -16.83616 0.0 1000.0 983.16384 102.0
103 -16.79897 0.0 1000.0 983.20103 103.0
104 -14.63304 0.0 1000.0 985.36696 104.0
105 -15.47195 0.0 1000.0 984.52805 105.0
106 -15.88363 0.0 1000.0 984.11637 106.0
107 -16.23275 0.0 1000.0 983.76725 107.0
108 -16.14222 0.0 1000.0 983.85778 108.0
109 -14.72546 0.0 1000.0 985.27454 109.0
110 -15.59546 0.0 1000.0 984.40454 110.0
111 -16.08567 0.0 1000.0 983.91433 111.0
112 -15.66999 0.0 1000.0 984.33001 112.0
113 -14.85654 0.0 1000.0 985.14346 113.0
114 -14.39146 0.0 1000.0 985.60854 114.0
115 -15.37568 0.0 1000.0 984.62432 115.0
116 -15.44798 0.0 1000.0 984.55202 116.0
117 -16.15298 0.0 1000.0 983.84702 117.0
118 -16.27828 0.0 1000.0 983.72172 118.0
119 -16.28131 0.0 1000.0 983.71869 119.0
120 -17.14096 0.0 1000.0 982.85904 120.0
121 -16.74456 0.0 1000.0 983.25544 121.0
122 -15.87546 0.0 1000.0 984.12454 122.0
123 -14.7046 0.0 1000.0 985.2954 123.0
124 -15.17448 0.0 1000.0 984.82552 124.0
125 -15.98353 0.0 1000.0 984.01647 125.0
126 -16.01764 0.0 1000.0 983.98236 126.0
127 -15.79779 0.0 1000.0 984.20221 127.0
128 -16.84743 0.0 1000.0 983.15257 128.0
129 -16.95675 0.0 1000.0 983.04325 129.0
130 -16.26903 0.0 1000.0 983.73097 130.0
131 -15.1573 0.0 1000.0 984.8427 131.0
132 -14.01064 0.0 1000.0 985.98936 132.0
133 -14.9733 0.0 1000.0 985.0267 133.0
134 -14.85683 0.0 1000.0 985.14317 134.0
135 -13.80853 0.0 1000.0 986.19147 135.0
136 -13.46708 0.0 1000.0 986.53292 136.0
137 -13.47723 0.0 1000.0 986.52277 137.0
138 -14.76798 0.0 1000.0 985.23202 138.0
139 -15.46427 0.0 1000.0 984.53573 139.0
140 -14.27426 0.0 1000.0 985.72574 140.0
141 -16.27735 0.0 1000.0 983.72265 141.0
142 -17.0816 0.0 1000.0 982.9184 142.0
143 -17.88422 0.0 1000.0 982.11578 143.0
144 -16.25816 0.0 1000.0 983.74184 144.0
145 -16.04862 0.0 1000.0 983.95138 145.0
146 -17.59994 0.0 1000.0 982.40006 146.0
147 -16.55873 0.0 1000.0 983.44127 147.0
148 -16.53602 0.0 1000.0 983.46398 148.0
149 -18.69148 0.0 1000.0 981.30852 149.0
150 -18.91327 0.0 1000.0 981.08673 150.0
151 -18.80953 0.0 1000.0 981.19047 151.0
152 -18.52011 0.0 1000.0 981.47989 152.0
153 -18.21457 0.0 1000.0 981.78543 153.0
154 -18.12288 0.0 1000.0 981.87712 154.0
155 -17.94496 0.0 1000.0 982.05504 155.0
156 -16.76605 0.0 1000.0 983.23395 156.0
157 -17.90104 0.0 1000.0 982.09896 157.0
158 -18.30042 0.0 1000.0 981.69958 158.0
159 -18.32455 0.0 1000.0 981.67545 159.0
160 -18.74325 0.0 1000.0 981.25675 160.0
161 -19.25137 0.0 1000.0 980.74863 161.0
162 -18.38218 0.0 1000.0 981.61782 162.0
163 -18.73046 0.0 1000.0 981.26954 163.0
164 -18.86111 0.0 1000.0 981.13889 164.0
165 -17.32019 0.0 1000.0 982.67981 165.0
166 -16.21856 0.0 1000.0 983.78144 166.0
167 -15.18683 0.0 1000.0 984.81317 167.0
168 -16.83478 0.0 1000.0 983.16522 168.0
169 -17.29393 0.0 1000.0 982.70607 169.0
170 -16.71211 0.0 1000.0 983.28789 170.0
171 -16.4494 0.0 1000.0 983.5506 171.0
172 -15.86713 0.0 1000.0 984.13287 172.0
173 -17.50717 0.0 1000.0 982.49283 173.0
174 -18.15217 0.0 1000.0 981.84783 174.0
175 -18.06801 0.0 1000.0 981.93199 175.0
176 -18.26063 0.0 1000.0 981.73937 176.0
177 -20.22322 0.0 1000.0 979.77678 177.0
178 -20.53353 0.0 1000.0 979.46647 178.0
179 -19.93887 0.0 1000.0 980.06113 179.0
180 -19.72777 0.0 1000.0 980.27223 180.0
181 -22.27929 0.0 1000.0 977.72071 181.0
182 -24.79317 0.0 1000.0 975.20683 182.0
183 -25.64903 0.0 1000.0 974.35097 183.0
184 -26.41418 0.0 1000.0 973.58582 184.0
185 -26.95711 0.0 1000.0 973.04289 185.0
186 -25.4651 0.0 1000.0 974.5349 186.0
187 -20.99268 0.0 1000.0 979.00732 187.0
188 -20.35734 0.0 1000.0 979.64266 188.0
189 -20.12622 0.0 1000.0 979.87378 189.0
190 -20.50652 0.0 1000.0 979.49348 190.0
191 -19.51559 0.0 1000.0 980.48441 191.0
192 -21.48358 0.0 1000.0 978.51642 192.0
193 -19.86231 0.0 1000.0 980.13769 193.0
194 -17.8459 0.0 1000.0 982.1541 194.0
195 -18.11092 0.0 1000.0 981.88908 195.0
196 -19.34673 0.0 1000.0 980.65327 196.0
197 -19.82675 0.0 1000.0 980.17325 197.0
198 -19.10866 0.0 1000.0 980.89134 198.0
199 -19.28853 0.0 1000.0 980.71147 199.0
200 -19.30817 0.0 1000.0 980.69183 200.0
201 -19.63056 0.0 1000.0 980.36944 201.0
202 -20.00826 0.0 1000.0 979.99174 202.0
203 -20.91602 0.0 1000.0 979.08398 203.0
204 -21.8168 0.0 1000.0 978.1832 204.0
205 -23.30134 0.0 1000.0 976.69866 205.0
206 -24.31991 0.0 1000.0 975.68009 206.0
207 -21.25328 0.0 1000.0 978.74672 207.0
208 -19.90146 0.0 1000.0 980.09854 208.0
209 -22.62403 0.0 1000.0 977.37597 209.0
210 -21.07106 0.0 1000.0 978.92894 210.0
211 -20.51072 0.0 1000.0 979.48928 211.0
212 -24.77557 0.0 1000.0 975.22443 212.0
213 -24.21507 0.0 1000.0 975.78493 213.0
214 -24.47174 0.0 1000.0 975.52826 214.0
215 -24.44149 0.0 1000.0 975.55851 215.0
216 -23.06904 0.0 1000.0 976.93096 216.0
217 -22.77233 0.0 1000.0 977.22767 217.0
218 -23.11645 0.0 1000.0 976.88355 218.0
219 -26.29457 0.0 1000.0 973.70543 219.0
220 -26.70788 0.0 1000.0 973.29212 220.0
221 -29.50484 0.0 1000.0 970.49516 221.0
222 -27.47655 0.0 1000.0 972.52345 222.0
223 -28.00395 0.0 1000.0 971.99605 223.0
224 -27.95735 0.0 1000.0 972.04265 224.0
225 -27.41185 0.0 1000.0 972.58815 225.0
226 -26.60121 0.0 1000.0 973.39879 226.0
227 -26.58572 0.0 1000.0 973.41428 227.0
228 -26.58616 0.0 1000.0 973.41384 228.0
229 -26.86019 0.0 1000.0 973.13981 229.0
230 -29.09634 0.0 1000.0 970.90366 230.0
231 -29.22293 0.0 1000.0 970.77707 231.0
232 -29.57286 0.0 1000.0 970.42714 232.0
233 -29.5475 0.0 1000.0 970.4525 233.0
234 -29.61634 0.0 1000.0 970.38366 234.0
235 -30.61603 0.0 1000.0 969.38397 235.0
236 -29.99025 0.0 1000.0 970.00975 236.0
237 -29.22046 0.0 1000.0 970.77954 237.0
238 -29.68549 0.0 1000.0 970.31451 238.0
239 -30.05502 0.0 1000.0 969.94498 239.0
240 -28.68214 0.0 1000.0 971.31786 240.0
241 -31.23985 0.0 1000.0 968.76015 241.0
242 -30.18129 0.0 1000.0 969.81871 242.0
243 -30.33449 0.0 1000.0 969.66551 243.0
244 -32.90347 0.0 1000.0 967.09653 244.0
245 -31.55662 0.0 1000.0 968.44338 245.0
246 -30.23213 0.0 1000.0 969.76787 246.0
247 -28.56687 0.0 1000.0 971.43313 247.0
248 -28.69472 0.0 1000.0 971.30528 248.0
249 -28.60347 0.0 1000.0 971.39653 249.0
250 -30.12557 0.0 1000.0 969.87443 250.0
251 -26.74025 0.0 1000.0 973.25975 251.0
252 -28.50755 0.0 1000.0 971.49245 252.0
253 -25.95582 0.0 1000.0 974.04418 253.0
254 -27.34059 0.0 1000.0 972.65941 254.0
255 -29.9199 0.0 1000.0 970.0801 255.0
256 -30.03564 0.0 1000.0 969.96436 256.0
257 -30.12617 0.0 1000.0 969.87383 257.0
258 -28.42195 0.0 1000.0 971.57805 258.0
259 -28.73502 0.0 1000.0 971.26498 259.0
260 -29.94393 0.0 1000.0 970.05607 260.0
261 -29.63775 0.0 1000.0 970.36225 261.0
262 -28.29047 0.0 1000.0 971.70953 262.0
263 -29.11387 0.0 1000.0 970.88613 263.0
264 -29.51226 0.0 1000.0 970.48774 264.0
265 -29.1166 0.0 1000.0 970.8834 265.0
266 -30.55296 0.0 1000.0 969.44704 266.0
267 -31.00601 0.0 1000.0 968.99399 267.0
268 -29.72369 0.0 1000.0 970.27631 268.0
269 -29.71036 0.0 1000.0 970.28964 269.0
270 -31.1546 0.0 1000.0 968.8454 270.0
271 -29.28103 0.0 1000.0 970.71897 271.0
272 -30.80368 0.0 1000.0 969.19632 272.0
273 -30.93328 0.0 1000.0 969.06672 273.0
274 -33.50583 0.0 1000.0 966.49417 274.0
275 -34.15837 0.0 1000.0 965.84163 275.0
276 -33.90724 0.0 1000.0 966.09276 276.0
277 -34.08773 0.0 1000.0 965.91227 277.0
278 -36.16962 0.0 1000.0 963.83038 278.0
279 -37.43204 0.0 1000.0 962.56796 279.0
280 -37.59987 0.0 1000.0 962.40013 280.0
281 -35.43854 0.0 1000.0 964.56146 281.0
282 -35.12539 0.0 1000.0 964.87461 282.0
283 -32.47981 0.0 1000.0 967.52019 283.0
284 -31.84933 0.0 1000.0 968.15067 284.0
285 -32.32848 0.0 1000.0 967.67152 285.0
286 -32.16374 0.0 1000.0 967.83626 286.0
287 -31.35383 0.0 1000.0 968.64617 287.0
288 -32.3645 0.0 1000.0 967.6355 288.0
289 -34.50509 0.0 1000.0 965.49491 289.0
290 -35.28561 0.0 1000.0 964.71439 290.0
291 -35.36589 0.0 1000.0 964.63411 291.0
292 -33.66226 0.0 1000.0 966.33774 292.0
293 -32.05135 0.0 1000.0 967.94865 293.0
294 -32.57032 0.0 1000.0 967.42968 294.0
295 -28.70158 0.0 1000.0 971.29842 295.0
296 -34.73641 0.0 1000.0 965.26359 296.0
297 -34.43388 0.0 1000.0 965.56612 297.0
298 -35.06905 0.0 1000.0 964.93095 298.0
299 -34.94097 0.0 1000.0 965.05903 299.0
300 -34.95424 0.0 1000.0 965.04576 300.0
301 -35.71381 0.0 1000.0 964.28619 301.0
302 -36.27809 0.0 1000.0 963.72191 302.0
303 -36.31859 0.0 1000.0 963.68141 303.0
304 -36.64824 0.0 1000.0 963.35176 304.0
305 -37.05009 0.0 1000.0 962.94991 305.0
306 -37.1901 0.0 1000.0 962.8099 306.0
307 -36.10387 0.0 1000.0 963.89613 307.0
308 -34.95887 0.0 1000.0 965.04113 308.0
309 -35.1803 0.0 1000.0 964.8197 309.0
310 -34.32685 0.0 1000.0 965.67315 310.0
311 -38.24968 0.0 1000.0 961.75032 311.0
312 -38.46615 0.0 1000.0 961.53385 312.0
313 -38.60092 0.0 1000.0 961.39908 313.0
314 -38.51922 0.0 1000.0 961.48078 314.0
315 -37.23733 0.0 1000.0 962.76267 315.0
316 -38.44724 0.0 1000.0 961.55276 316.0
317 -40.51316 0.0 1000.0 959.48684 317.0
318 -40.54085 0.0 1000.0 959.45915 318.0
319 -41.31198 0.0 1000.0 958.68802 319.0
320 -41.81631 0.0 1000.0 958.18369 320.0
321 -42.81496 0.0 1000.0 957.18504 321.0
322 -44.17234 0.0 1000.0 955.82766 322.0
323 -44.36653 0.0 1000.0 955.63347 323.0
324 -43.70935 0.0 1000.0 956.29065 324.0
325 -38.92838 1.33247 1001.33247 962.40409 325.0
326 -41.14359 1.33247 1001.33247 960.18888 326.0
327 -40.90859 1.33247 1001.33247 960.42388 327.0
328 -41.77309 1.33247 1001.33247 959.55938 328.0
329 -41.09443 1.33247 1001.33247 960.23804 329.0
330 -41.0235 1.33247 1001.33247 960.30897 330.0
331 -40.3776 1.33247 1001.33247 960.95487 331.0
332 -41.8019 1.33247 1001.33247 959.53057 332.0
333 -41.7547 1.33247 1001.33247 959.57777 333.0
334 -41.77265 1.33247 1001.33247 959.55982 334.0
335 -42.29331 1.33247 1001.33247 959.03916 335.0
336 -42.02826 1.33247 1001.33247 959.30421 336.0
337 -42.16836 1.33247 1001.33247 959.16411 337.0
338 -39.60281 1.33247 1001.33247 961.72966 338.0
339 -40.22809 1.33247 1001.33247 961.10438 339.0
340 -39.26078 1.33247 1001.33247 962.07169 340.0
341 -38.99462 1.33247 1001.33247 962.33785 341.0
342 -37.80165 1.33247 1001.33247 963.53082 342.0
343 -37.6072 1.33247 1001.33247 963.72527 343.0
344 -35.59788 1.33247 1001.33247 965.73459 344.0
345 -36.62816 1.33247 1001.33247 964.70431 345.0
346 -36.89057 1.33247 1001.33247 964.4419 346.0
347 -39.20235 1.33247 1001.33247 962.13012 347.0
348 -38.36072 1.33247 1001.33247 962.97175 348.0
349 -37.2614 1.33247 1001.33247 964.07107 349.0
350 -37.84804 1.33247 1001.33247 963.48443 350.0
351 -40.63754 1.33247 1001.33247 960.69493 351.0
352 -40.93077 1.33247 1001.33247 960.4017 352.0
353 -42.73608 1.33247 1001.33247 958.59639 353.0
354 -42.12973 1.33247 1001.33247 959.20274 354.0
355 -42.1136 1.33247 1001.33247 959.21887 355.0
356 -43.4436 1.33247 1001.33247 957.88887 356.0
357 -43.3486 1.33247 1001.33247 957.98387 357.0
358 -42.27966 1.33247 1001.33247 959.05281 358.0
359 -41.95879 1.33247 1001.33247 959.37368 359.0
360 -42.38842 1.33247 1001.33247 958.94405 360.0
361 -42.57842 1.33247 1001.33247 958.75405 361.0
362 -42.82836 1.33247 1001.33247 958.50411 362.0
363 -41.82458 1.33247 1001.33247 959.50789 363.0
364 -38.87295 1.33247 1001.33247 962.45952 364.0
365 -42.70284 1.33247 1001.33247 958.62963 365.0
366 -41.29342 1.33247 1001.33247 960.03905 366.0
367 -41.01749 1.33247 1001.33247 960.31498 367.0
368 -41.14303 1.33247 1001.33247 960.18944 368.0
369 -41.18521 1.33247 1001.33247 960.14726 369.0
370 -41.31049 1.33247 1001.33247 960.02198 370.0
371 -42.14899 1.33247 1001.33247 959.18348 371.0
372 -41.1707 1.33247 1001.33247 960.16177 372.0
373 -41.90319 1.33247 1001.33247 959.42928 373.0
374 -41.92201 1.33247 1001.33247 959.41046 374.0
375 -40.94741 1.33247 1001.33247 960.38506 375.0
376 -40.68992 1.33247 1001.33247 960.64255 376.0
377 -42.30211 1.33247 1001.33247 959.03036 377.0
378 -41.52691 1.33247 1001.33247 959.80556 378.0
379 -42.19032 1.33247 1001.33247 959.14215 379.0
380 -42.15791 1.33247 1001.33247 959.17456 380.0
381 -45.25116 1.33247 1001.33247 956.08131 381.0
382 -44.8652 1.33247 1001.33247 956.46727 382.0
383 -46.36184 1.33247 1001.33247 954.97063 383.0
384 -42.37074 1.33247 1001.33247 958.96173 384.0
385 -42.33944 1.33247 1001.33247 958.99303 385.0
386 -43.30384 1.33247 1001.33247 958.02863 386.0
387 -39.19426 1.33247 1001.33247 962.13821 387.0
388 -39.67572 1.33247 1001.33247 961.65675 388.0
389 -42.29715 1.33247 1001.33247 959.03532 389.0
390 -41.40465 1.33247 1001.33247 959.92782 390.0
391 -39.36619 1.33247 1001.33247 961.96628 391.0
392 -38.64614 1.33247 1001.33247 962.68633 392.0
393 -39.23722 1.33247 1001.33247 962.09525 393.0
394 -40.11952 1.33247 1001.33247 961.21295 394.0
395 -40.14417 1.33247 1001.33247 961.1883 395.0
396 -41.41958 1.33247 1001.33247 959.91289 396.0
397 -40.71588 1.33247 1001.33247 960.61659 397.0
398 -40.84679 1.33247 1001.33247 960.48568 398.0
399 -40.58333 1.33247 1001.33247 960.74914 399.0
400 -38.69636 1.33247 1001.33247 962.63611 400.0
401 -39.65111 1.33247 1001.33247 961.68136 401.0
